000681
000711
000716
000821
001236
001330
001339
002058
002120
002184
002190
002195
002209
002230
002253
002279
002362
002380
002384
002401
002403
002453
002560
002576
002617
002621
002642
002708
002762
002808
002835
002848
002877
002905
600130
600250
600705
600768
600819
601008
601028
601136
601958
000681
000711
000716
000821
001236
001330
001339
002058
002120
002184
002190
002195
002209
002230
002253
002279
002362
002380
002384
002401
002403
002453
002560
002576
002617
002621
002642
002708
002762
002808
002835
002848
002877
002905
600130
600250
600705
600768
600819
601008
601028
601136
601958
000066
000681
000701
000711
000716
000821
000962
001236
001330
001339
002058
002120
002167
002184
002190
002195
002209
002230
002235
002253
002279
002362
002380
002384
002401
002403
002453
002536
002549
002560
002576
002617
002621
002642
002708
002717
002762
002767
002808
002835
002842
002848
002877
002905
600063
600070
600130
600195
600211
600250
600355
600705
600768
600819
601008
601028
601059
601136
601236
601958
000066
000681
000701
000711
000716
000821
000962
001236
001330
001339
002058
002120
002167
002184
002190
002195
002209
002230
002235
002253
002279
002362
002380
002384
002401
002403
002453
002536
002549
002560
002576
002617
002621
002642
002708
002717
002762
002767
002808
002835
002842
002848
002877
002905
600063
600070
600130
600195
600211
600250
600355
600705
600768
600819
601008
601028
601059
601136
601236
601958
